backg
backg
backg
backg
backg
backg
backg
backg
backg
backg
backg
backg
backg
backg
backg
(0, 2) (0, 3) (0, 3) (0, 3) (0, 3) (0, 3) (0, 3) (0, 3) (0, 3) (0, 3) (0, 3) (0, 3) (0, 3) (0, 3) (0, 3) (0, 3) (0, 3) (0, 3) (0, 3) (0, 3) 
(0, 3) (0, 3) (0, 3) (0, 3) (0, 3) (0, 3) (0, 3) (0, 3) (0, 3) (0, 3) (0, 3) (0, 3) (0, 3) (0, 3) (0, 3) (0, 3) (0, 3) (0, 3) (0, 3) (0, 3) 
(0, 3) (0, 3) (0, 3) (0, 3) (0, 3) (0, 3) (0, 3) (0, 3) (0, 3) (0, 3) (0, 3) (0, 3) (0, 3) (0, 3) (0, 3) (0, 3) (0, 3) (0, 3) (0, 3) (0, 3) 
(0, 3) (0, 3) (0, 3) (0, 3) (0, 3) (0, 3) (0, 3) (0, 3) (0, 3) (0, 3) (0, 3) (0, 3) (0, 3) (0, 3) (0, 3) (0, 3) (0, 3) (0, 3) (0, 3) (0, 3) 
(0, 3) (0, 3) (0, 3) (0, 3) (0, 3) (0, 3) (0, 3) (0, 3) (0, 3) (0, 3) (0, 3) (0, 3) (0, 3) (0, 3) (0, 3) (0, 3) (0, 3) (0, 3) (0, 3) (0, 3) 
(0, 3) (0, 3) (0, 3) (0, 3) (0, 3) (0, 3) (0, 3) (0, 3) (0, 3) (0, 3) (0, 3) (0, 3) (0, 3) (0, 3) (0, 3) (0, 3) (0, 3) (0, 3) (0, 3) (0, 3) 
(0, 3) (0, 3) (0, 3) (0, 3) (0, 3) (0, 3) (0, 3) (0, 3) (0, 3) (0, 3) (0, 3) (0, 3) (0, 3) (0, 3) (0, 3) (0, 3) (0, 3) (0, 3) (0, 3) (0, 3) 
(0, 3) (0, 3) (0, 3) (0, 3) (0, 3) (0, 3) (0, 3) (0, 3) (0, 3) (0, 3) (0, 3) (0, 3) (0, 3) (0, 3) (0, 3) (0, 3) (0, 3) (0, 3) (0, 3) (0, 3) 
(0, 3) (0, 3) (0, 3) (0, 3) (0, 3) (0, 3) (0, 3) (0, 3) (0, 3) (0, 3) (0, 3) (0, 3) (0, 3) (0, 3) (0, 3) (0, 3) (0, 3) (0, 3) (0, 3) (0, 3) 
(0, 3) (0, 3) (0, 3) (0, 3) (0, 3) (0, 3) (0, 3) (0, 3) (0, 3) (0, 3) (0, 3) (0, 3) (0, 3) (0, 3) (0, 3) (0, 3) (0, 3) (0, 3) (0, 3) (0, 3) 
(0, 3) (0, 3) (0, 3) (0, 3) (0, 3) (0, 3) (0, 3) (0, 3) (0, 3) (0, 3) (0, 3) (0, 3) (0, 3) (0, 3) (0, 3) (0, 3) (0, 3) (0, 3) (0, 3) (0, 3) 
(0, 3) (0, 3) (0, 3) (0, 3) (0, 3) (0, 3) (0, 3) (0, 3) (0, 3) (0, 3) (0, 3) (0, 3) (0, 3) (0, 3) (0, 3) (0, 3) (0, 3) (0, 3) (0, 3) (0, 3) 
(0, 3) (0, 3) (0, 3) (0, 3) (0, 3) (0, 3) (0, 3) (0, 3) (0, 3) (0, 3) (0, 3) (0, 3) (0, 3) (0, 3) (0, 3) (0, 3) (0, 3) (0, 3) (0, 3) (0, 3) 
(0, 3) (0, 3) (0, 3) (0, 3) (0, 2) (0, 3) (0, 3) (0, 3) (0, 3) (0, 3) (0, 3) (0, 3) (0, 3) (0, 3) (0, 3) (0, 3) (0, 3) (0, 3) (0, 3) (0, 3) 
(0, 3) (0, 3) (0, 3) (0, 3) (0, 3) (0, 3) (0, 3) (0, 3) (0, 3) (0, 3) (0, 3) (0, 3) (0, 3) (0, 3) (0, 3) (0, 3) (0, 3) (0, 3) (0, 3) (0, 3) 
(0, 3) (0, 3) (0, 3) (0, 3) (0, 3) (0, 3) (0, 3) (0, 3) (0, 3) (0, 3) (0, 3) (0, 3) (0, 3) (0, 3) (0, 3) (0, 3) (0, 3) (0, 3) (0, 3) (0, 3) 
(0, 3) (0, 3) (0, 3) (0, 3) (0, 3) (0, 3) (0, 3) (0, 3) (0, 3) (0, 3) (0, 3) (0, 3) (0, 3) (0, 3) (0, 3) (0, 3) (0, 3) (0, 3) (0, 3) (0, 3) 
(0, 3) (0, 3) (0, 3) (0, 3) (0, 3) (0, 3) (0, 3) (0, 3) (0, 3) (0, 3) (0, 3) (0, 3) (0, 3) (0, 3) (0, 3) (0, 3) (0, 3) (0, 3) (0, 3) (0, 3) 
(0, 3) (0, 3) (0, 3) (0, 3) (0, 3) (0, 3) (0, 3) (0, 3) (0, 3) (0, 3) (0, 3) (0, 3) (0, 3) (0, 3) (0, 3) (0, 3) (0, 3) (0, 3) (0, 3) (0, 3) 
(0, 3) (0, 3) (0, 3) (0, 3) (0, 3) (0, 3) (0, 3) (0, 3) (0, 3) (0, 3) (0, 3) (0, 3) (0, 3) (0, 3) (0, 3) (0, 3) (0, 3) (0, 3) (0, 3) (0, 3) 
(0, 3) (0, 3) (0, 3) (0, 3) (0, 3) (0, 3) (0, 3) (0, 3) (0, 3) (0, 3) (0, 3) (0, 3) (0, 3) (0, 3) (0, 3) (0, 3) (0, 3) (0, 3) (0, 3) (0, 3) 
(0, 3) (0, 3) (0, 3) (0, 3) (0, 3) (0, 3) (0, 3) (0, 3) (0, 3) (0, 3) (0, 3) (3, 1) (3, 1) (3, 1) (3, 1) (3, 1) (3, 1) (3, 1) (3, 1) (3, 1) 
(0, 3) (0, 3) (0, 3) (0, 3) (0, 3) (0, 3) (0, 3) (0, 3) (0, 3) (0, 3) (0, 3) (0, 3) (0, 3) (0, 3) (0, 3) (0, 3) (0, 3) (0, 3) (0, 3) (0, 3) 
(0, 3) (0, 3) (0, 3) (0, 3) (0, 3) (0, 3) (0, 3) (0, 3) (0, 3) (0, 3) (0, 3) (0, 3) (0, 3) (0, 3) (0, 3) (0, 3) (0, 3) (0, 3) (0, 3) (0, 3) 
(0, 3) (0, 3) (0, 3) (0, 3) (0, 3) (0, 3) (0, 3) (0, 3) (0, 3) (0, 3) (0, 3) (0, 3) (0, 3) (0, 3) (0, 3) (0, 3) (0, 3) (0, 3) (0, 3) (0, 3) 
(0, 3) (0, 3) (0, 3) (0, 3) (0, 3) (0, 3) (0, 3) (0, 3) (0, 3) (0, 3) (0, 3) (0, 3) (0, 3) (0, 3) (0, 3) (0, 3) (0, 3) (0, 3) (0, 3) (0, 3) 
(0, 3) (0, 3) (0, 3) (0, 3) (0, 3) (0, 3) (0, 3) (0, 3) (0, 3) (0, 3) (0, 3) (0, 3) (0, 3) (0, 3) (0, 3) (0, 3) (0, 3) (0, 3) (0, 3) (0, 3) 
(0, 3) (0, 3) (0, 3) (0, 3) (0, 3) (0, 3) (0, 3) (0, 3) (0, 3) (0, 3) (0, 3) (0, 3) (0, 3) (0, 3) (0, 3) (0, 3) (0, 3) (0, 3) (0, 3) (0, 3) 
(0, 3) (0, 3) (0, 3) (0, 3) (0, 3) (0, 3) (0, 3) (0, 3) (0, 3) (0, 3) (0, 3) (0, 3) (0, 3) (0, 3) (0, 3) (0, 3) (0, 3) (0, 3) (0, 3) (0, 3) 
(0, 3) (0, 3) (0, 3) (0, 3) (0, 3) (0, 3) (0, 3) (0, 3) (0, 3) (0, 3) (0, 3) (0, 3) (0, 3) (0, 3) (0, 3) (0, 3) (0, 3) (0, 3) (0, 3) (0, 2) 
